CACHE type 5 produced by analog 6.0/Unix. Do not modify or delete!
T	0	0	1926	50	0	324	71011102
D	24565851	24572625
17059	178	67	1	3250314
17059	194	66	1	45115
17059	196	63	1	2944440
17059	227	63	1	2944442
17059	260	62	1	44226
17059	266	52	1	2238325
17059	267	1	0	6397
17059	268	104	2	5679728
17059	273	60	2	3310871
17059	279	53	1	516825
17059	280	57	1	2885137
17060	95	107	2	2917418
17060	96	53	1	516741
17060	115	1	1	42962
17060	117	54	1	63073
17060	120	161	8	8986260
17060	121	54	3	3011007
17060	122	52	1	289061
17060	134	52	1	2925049
17060	135	1	0	0
17060	186	52	1	132133
17060	265	52	1	2636297
17061	214	52	1	2925049
17061	215	1	0	0
17061	219	53	2	2967986
17061	222	52	1	43021
17061	225	52	1	43021
17061	243	55	1	2959757
17061	247	52	1	2925049
17061	253	52	1	2924965
17062	109	52	1	289061
17062	118	63	2	4482169
17062	124	30	1	1344518
17062	125	23	1	1623636
17062	144	47	1	43021
17062	202	53	2	2967986
17063	134	1	1	43021
17064	93	1	1	43021
1	35	0	0	0	24570294	0	0	24565851	0	0	725130	/js/isotope.pkgd.min.js
1	1	0	0	0	24569873	0	0	24569873	0	0	138204	/fonts/fontawesome-webfont.ttf?v=4.4.0
1	36	0	0	0	24570294	0	0	24565851	0	0	1567008	/css/main.css
1	0	0	0	46	0	0	24570000	0	0	24565851	0	/fonts/montserrat-bold-webfont.woff2
1	15	0	0	0	24566985	0	0	24565851	0	0	63684	/images/brand/3.png
1	35	0	0	0	24570294	0	0	24565851	0	0	2910225	/css/bootstrap.min.css
1	35	0	0	0	24570294	0	0	24565851	0	0	1589698	/css/animate.css
1	35	0	0	0	24570294	0	0	24565851	0	0	2188795	/images/portfolio/4.jpg
1	29	0	0	0	24570294	0	0	24566329	0	0	773495	/images/container/logopadrao.png
1	0	0	0	3	0	0	24568915	0	0	24566878	0	/features.html
1	20	0	0	0	24570294	0	0	24567003	0	0	544850	/images/brand/mgo.png
1	21	0	0	1	24570294	0	24566983	24566985	0	24566983	212143	/images/brand/vli.png
1	35	0	0	0	24570294	0	0	24565851	0	0	774228	/js/bootstrap.min.js
1	34	0	0	0	24570294	0	0	24565851	0	0	573528	/fonts/montserrat-semibold-webfont.woff
1	0	0	0	46	0	0	24570000	0	0	24565851	0	/fonts/montserrat-extrabold-webfont.woff2
1	0	0	0	8	0	0	24569873	0	0	24566301	0	/images/ico/apple-touch-icon-114-precomposed.png
1	35	0	0	0	24570294	0	0	24565851	0	0	325626	/js/modernizr.min.js
1	35	0	0	0	24570294	0	0	24565851	0	0	112560	/js/custom.js
1	38	0	0	0	24570294	0	0	24565851	0	0	5373508	/images/bg/brand-bg.jpg
1	3	0	0	0	24566362	0	0	24565941	0	0	32382	/contato
1	36	0	0	0	24570294	0	0	24565851	0	0	9187968	/images/bg/4.jpg
1	4	0	0	0	24569056	0	0	24566878	0	0	0	/favicon.ico
1	35	0	0	0	24570294	0	0	24565851	0	0	69736	/images/features/1.png
1	20	0	0	0	24570294	0	0	24567002	0	0	287878	/images/brand/cartago.png
1	5	0	0	0	24566261	0	0	24565851	0	0	12495	/images/process/7.png
1	0	0	0	46	0	0	24570000	0	0	24565851	0	/fonts/montserrat-regular-webfont.woff2
1	5	0	0	0	24566261	0	0	24565851	0	0	7218	/images/service/1.png
1	5	0	0	0	24566261	0	0	24565851	0	0	25566	/images/process/3.png
1	1	1	0	0	24566979	0	0	24566979	0	0	42962	/?189.41.84.5
1	5	0	0	0	24566261	0	0	24565851	0	0	150867	/images/service/service.jpg
1	15	0	0	0	24566985	0	0	24565851	0	0	62901	/images/brand/6.png
1	15	0	0	0	24566985	0	0	24565851	0	0	50994	/images/brand/2.png
1	5	0	0	0	24566261	0	0	24565851	0	0	82023	/images/features/3.jpg
1	35	0	0	0	24570294	0	0	24565851	0	0	2571653	/images/portfolio/3.jpg
1	35	0	0	0	24570294	0	0	24565851	0	0	99246	/js/smoothscroll.min.js
1	35	0	0	0	24570294	0	0	24565851	0	0	68977	/images/footer/3.png
1	0	0	0	4	0	0	24569056	0	0	24566918	0	/project-one.html
1	1	0	0	0	24569873	0	0	24569873	0	0	44140	/fonts/montserrat-extrabold-webfont.ttf
1	34	0	0	0	24570294	0	0	24565851	0	0	564236	/fonts/montserrat-bold-webfont.woff
1	35	0	0	0	24570294	0	0	24565851	0	0	165508	/images/service/3.jpg
1	0	0	0	47	0	0	24570000	0	0	24565851	0	/fonts/fontawesome-webfont.woff2?v=4.4.0
1	1	0	0	0	24569873	0	0	24569873	0	0	45140	/fonts/montserrat-semibold-webfont.ttf
1	2	0	0	0	24565934	0	0	24565851	0	0	175168	/images/bg/3.jpg
1	0	0	0	8	0	0	24569873	0	0	24566301	0	/images/ico/apple-touch-icon-72-precomposed.png
1	0	0	0	1	0	0	24566918	0	0	24566918	0	/service.html
1	2	0	0	0	24565934	0	0	24565851	0	0	3896	/images/process/6.png
1	31	0	0	0	24570294	0	0	24566290	0	0	950360	/images/container/compromisso.jpg
1	35	0	0	0	24570294	0	0	24565851	0	0	645078	/js/gmaps.min.js
1	36	0	0	0	24570294	0	0	24565851	0	0	2111054	/js/jquery.min.js
1	20	0	0	0	24570294	0	0	24567003	0	0	137394	/images/brand/transpetro.png
1	2	0	0	0	24565934	0	0	24565851	0	0	6997	/images/process/2.png
1	35	0	0	0	24570294	0	0	24565851	0	0	42735	/js/jquery.scrollUp.min.js
1	15	0	0	0	24566985	0	0	24565851	0	0	68940	/images/brand/5.png
1	0	0	0	9	0	0	24569907	0	0	24566301	0	/images/ico/apple-touch-icon-57-precomposed.png
1	5	0	0	0	24566261	0	0	24565851	0	0	150543	/images/service/service2.jpg
1	15	0	0	0	24566985	0	0	24565851	0	0	52848	/images/brand/1.png
1	1	0	0	0	24569873	0	0	24569873	0	0	44516	/fonts/montserrat-regular-webfont.ttf
1	5	0	0	0	24566261	0	0	24565851	0	0	68244	/images/features/2.jpg
1	35	0	0	0	24570294	0	0	24565851	0	0	3597867	/images/portfolio/2.jpg
1	5	0	0	0	24566261	0	0	24565851	0	0	336240	/images/service/6.jpg
1	34	0	0	0	24570294	0	0	24565851	0	0	566628	/fonts/montserrat-regular-webfont.woff
1	35	0	0	0	24570294	0	0	24565851	0	0	79327	/images/footer/2.png
1	46	46	0	0	24572625	0	0	24565851	0	0	1986821	/
1	31	0	0	0	24570294	0	0	24566290	0	0	4738920	/images/container/container-construcao.jpg
1	35	0	0	0	24570294	0	0	24565851	0	0	171358	/css/magnific-popup.css
1	35	0	0	0	24570294	0	0	24565851	0	0	76291	/images/bg/rular.png
1	31	0	0	0	24570294	0	0	24566290	0	0	1185420	/images/container/tempo-img.jpg
1	31	0	0	0	24570294	0	0	24566290	0	0	561614	/images/container/equipe-tecnica.jpg
1	35	0	0	0	24570294	0	0	24565851	0	0	87607	/images/features/3.png
1	20	0	0	0	24570294	0	0	24567002	0	0	351322	/images/brand/marco.png
1	3	3	0	0	24571391	0	0	24568913	0	0	129147	/?186.210.192.80
1	5	0	0	0	24566261	0	0	24565851	0	0	11511	/images/process/9.png
1	35	0	0	0	24570294	0	0	24565851	0	0	848421	/js/owl.carousel.min.js
1	36	0	0	0	24570294	0	0	24565851	0	0	5345664	/images/bg/2.jpg
1	34	0	0	0	24570294	0	0	24565851	0	0	556692	/fonts/montserrat-extrabold-webfont.woff
1	35	0	0	0	24570294	0	0	24565851	0	0	48231	/images/service/3.png
1	5	0	0	0	24566261	0	0	24565851	0	0	23451	/images/process/5.png
1	2	0	0	0	24565934	0	0	24565851	0	0	123336	/images/process/1.png
1	36	0	0	0	24570294	0	0	24565851	0	0	357014	/css/responsive.css
1	1	0	0	0	24569873	0	0	24569873	0	0	44468	/fonts/montserrat-bold-webfont.ttf
1	15	0	0	0	24566985	0	0	24565851	0	0	57537	/images/brand/4.png
1	35	0	0	0	24570294	0	0	24565851	0	0	444003	/js/magnific-popup.min.js
1	0	0	0	4	0	0	24568969	0	0	24565940	0	/js/gmaps.min.js.map
1	35	0	0	0	24570294	0	0	24565851	0	0	101508	/css/owl.carousel.css
1	5	0	0	0	24566261	0	0	24565851	0	0	85671	/images/features/1.jpg
1	35	0	0	0	24570294	0	0	24565851	0	0	2749719	/images/portfolio/1.jpg
1	2	0	0	0	24566298	0	0	24565851	0	0	12794	/images/logo.png
1	5	0	0	0	24566261	0	0	24565851	0	0	361914	/images/service/5.jpg
1	35	0	0	0	24570294	0	0	24565851	0	0	62629	/images/footer/1.png
1	0	0	0	32	0	0	24572625	0	0	24565851	0	/images/ico/favicon.ico
1	0	0	0	14	0	0	24568969	0	0	24565939	0	/css/bootstrap.min.css.map
1	35	0	0	0	24570294	0	0	24565851	0	0	29904	/js/inview.min.js
1	36	0	0	0	24570294	0	0	24565851	0	0	6569760	/images/bg/5.jpg
1	34	0	0	0	24570294	0	0	24565851	0	0	1869532	/fonts/fontawesome-webfont.woff?v=4.4.0
1	0	0	0	46	0	0	24570000	0	0	24565851	0	/fonts/montserrat-semibold-webfont.woff2
1	35	0	0	0	24570294	0	0	24565851	0	0	84180	/images/features/2.png
1	0	0	0	9	0	0	24569907	0	0	24566300	0	/images/ico/apple-touch-icon-144-precomposed.png
1	35	0	0	0	24570294	0	0	24565851	0	0	587642	/css/font-awesome.min.css
1	5	0	0	0	24566261	0	0	24565851	0	0	9273	/images/process/8.png
1	31	0	0	0	24570294	0	0	24566290	0	0	825263	/images/container/imgindustrial.jpg
1	5	0	0	0	24566261	0	0	24565851	0	0	5016	/images/service/2.png
1	5	0	0	0	24566261	0	0	24565851	0	0	25062	/images/process/4.png
3	206	0	0	124	24570000	0	24570000	24565851	0	24565851	20312029	http://suportecontainer.com.br/css/main.css
3	10	0	0	16	24569825	0	24569825	24566300	0	24566300	406420	http://www.suportecontainer.com.br/css/font-awesome.min.css
3	3	0	0	0	24566362	0	0	24566362	0	0	0	http://suportecontainer.com.br/contato
3	1	1	0	0	24570294	0	0	24570294	0	0	43021	http://www.google.com/search
3	19	0	0	31	24569873	0	24570000	24565851	0	24565851	1357464	http://suportecontainer.com.br/css/font-awesome.min.css
3	2	0	0	0	24569056	0	0	24567078	0	0	0	http://www.suportecontainer.com.br/project-one.html
3	506	1	0	39	24569907	0	24569905	24566300	0	24566300	14676505	http://www.suportecontainer.com.br/
3	1027	0	0	30	24570294	0	24569873	24565851	0	24565851	26055256	http://suportecontainer.com.br/
3	102	0	0	60	24569825	0	24569825	24566300	0	24566300	6087603	http://www.suportecontainer.com.br/css/main.css
3	2	0	0	0	24568915	0	0	24566878	0	0	0	http://www.suportecontainer.com.br/features.html
4	53	1	0	17	24568915	0	24568917	24568913	0	24568913	2925049	Mozilla/5.0 (Windows NT 6.1; Win64; x64) AppleWebKit/537.36 (KHTML, like Gecko) Chrome/52.0.2743.116 Safari/537.36
4	211	4	0	44	24567330	0	24567330	24566876	0	24566876	6220615	Mozilla/5.0 (Windows NT 6.1) AppleWebKit/537.36 (KHTML, like Gecko) Chrome/52.0.2743.116 Safari/537.36
4	3	3	0	4	24572625	0	24572625	24570292	0	24570292	129063	Mozilla/5.0 (X11; Linux x86_64) AppleWebKit/537.36 (KHTML, like Gecko) Chrome/49.0.2623.75 Safari/537.36 Google Favicon
4	53	2	0	3	24569907	0	24569907	24569904	0	24569905	2968154	Mozilla/5.0 (Linux; U; Android 4.1.2; pt-br; GT-I8190L Build/JZO54K) AppleWebKit/534.30 (KHTML, like Gecko) Version/4.0 Mobile Safari/534.30
4	52	1	0	0	24569076	0	0	24569075	0	0	2925049	Mozilla/5.0 (iPhone; CPU iPhone OS 9_2 like Mac OS X) AppleWebKit/601.1.46 (KHTML, like Gecko) Version/9.0 Mobile/13C75 Safari/601.1
4	361	7	0	51	24566329	0	24566329	24565851	0	24565851	14635292	Mozilla/5.0 (Windows NT 6.1; WOW64) AppleWebKit/537.36 (KHTML, like Gecko) Chrome/52.0.2743.116 Safari/537.36
4	109	2	0	30	24569107	0	24569107	24566361	0	24566361	5810102	Mozilla/5.0 (Linux; Android 5.0; ASUS_Z00AD Build/LRX21V) AppleWebKit/537.36 (KHTML, like Gecko) Chrome/52.0.2743.98 Mobile Safari/537.36
4	273	6	0	50	24569873	0	24569873	24566300	0	24566300	8170999	Mozilla/5.0 (Linux; Android 6.0; XT1069 Build/MPB24.65-34) AppleWebKit/537.36 (KHTML, like Gecko) Chrome/52.0.2743.98 Mobile Safari/537.36
4	55	1	0	18	24569056	0	24569133	24569055	0	24569055	2959757	Mozilla/5.0 (Linux; Android 6.0.1; SAMSUNG SM-G935F Build/MMB29K) AppleWebKit/537.36 (KHTML, like Gecko) SamsungBrowser/4.0 Chrome/44.0.2403.133 Mobile Safari/537.36
4	704	22	0	107	24570000	0	24570000	24566098	0	24566098	21342057	Mozilla/5.0 (Windows NT 10.0; WOW64) AppleWebKit/537.36 (KHTML, like Gecko) Chrome/52.0.2743.116 Safari/537.36
4	52	1	0	0	24570294	0	0	24570294	0	0	2924965	Mozilla/5.0 (X11; Linux x86_64) AppleWebKit/537.36 (KHTML, like Gecko; Google Web Preview) Chrome/27.0.1453 Safari/537.36
5	159	3	0	40	24567010	0	24567010	24566876	0	24566876	3206479	186.210.146.79
5	0	0	0	3	0	0	24572625	0	0	24570292	0	66.249.83.158
5	1	1	0	1	24572625	0	24571391	24572625	0	24571391	43021	66.249.83.157
5	2	2	0	0	24571391	0	0	24570292	0	0	86042	66.249.83.156
5	47	1	0	5	24570000	0	24570000	24570000	0	24570000	43021	189.41.36.90
5	52	1	0	0	24569076	0	0	24569075	0	0	2925049	191.177.185.42
5	168	3	0	31	24566355	0	24566355	24566098	0	24566098	6301165	189.41.139.171
5	519	17	0	77	24567008	0	24567008	24565851	0	24565851	18859912	189.41.72.165
5	52	1	0	6	24567330	0	24567330	24567330	0	24567330	132133	189.41.214.41
5	19	1	0	0	24570294	0	0	24570294	0	0	1280073	66.102.6.204
5	17	0	0	0	24570294	0	0	24570294	0	0	793626	66.102.6.202
5	16	0	0	0	24570294	0	0	24570294	0	0	851266	66.102.6.200
5	52	1	0	6	24567726	0	24567726	24567726	0	24567726	2636297	189.41.33.242
5	210	5	0	40	24568969	0	24568969	24568913	0	24568913	5979077	186.210.207.26
5	55	1	0	18	24569056	0	24569133	24569055	0	24569055	2959757	177.191.83.24
5	52	1	0	10	24569107	0	24569107	24569107	0	24569107	2924965	186.210.144.78
5	0	0	0	5	0	0	24567658	0	0	24567658	0	189.41.104.157
5	222	5	0	40	24566362	0	24566362	24566290	0	24566290	11280560	189.41.84.5
5	12	0	0	2	24569873	0	24569873	24569873	0	24569873	681901	66.249.85.15
5	53	2	0	3	24569907	0	24569907	24569904	0	24569905	2968154	177.77.139.219
5	28	1	0	5	24569873	0	24569873	24569873	0	24569873	1957879	66.249.85.14
5	23	1	0	8	24569873	0	24569873	24569873	0	24569873	1842389	66.249.85.13
5	52	1	0	10	24569825	0	24569825	24569825	0	24569825	289061	179.126.208.233
5	62	1	0	6	24566261	0	24566262	24566261	0	24566261	44226	186.210.250.251
5	53	1	0	8	24567078	0	24567078	24567074	0	24567074	2925049	186.210.192.80
z	0	636	0	24570000	0
z	1	1	0	24569055	1
z	4	434	0	24570294	1937374
z	5	634	50	24572625	24928289
z	6	221	0	24570294	44145438
c	200	1292	24572625
c	206	2	24569055
c	304	632	24570000
c	404	324	24572625
